1            2          3       .065026            0           0         8
      2           16         17       .154210            0           0        10
      3           11         13       .155849            0           0         4
      4           11         12       .183347            3           0         5
      5           10         11       .211862            0           4        13
      6            6          7       .222411            0           0        18
      7            4          5       .261254            0           0        19
      8            1          2       .284208            0           1        15
      9           18         19       .338926            0           0        12
     10           14         16       .369679            0           2        18
     11           22         23       .421588            0           0        12
     12           18         22       .508592            9          11        17
     13           10         15       .521485            5           0        16
     14           20         21       .535075            0           0        17
     15            1          8       .638015            8           0        20
     16            9         10       .680502            0          13        19
     17           18         20       .710522           12          14        20
     18            6         14       .729992            6          10        21
     19            4          9       .801794            7          16        21
     20            1         18       .854716           15          17        22
     21            4          6       .877059           19          18        22
     22            1          4       .926732           20          21         0
