ee 59 0 0 0 1 0 0 0 0 0 0 0 0 0 0
i 2 56 0 1 0 0 0 0 0 0 0 0 0 0 1
A 1 0 55 0 1 0 1 0 1 0 0 0 0 1 0
I 0 1 0 58 0 0 1 0 0 0 0 0 0 0 0
e 2 7 0 0 34 9 4 0 2 0 0 0 2 0 0
er 0 0 1 0 19 14 3 3 1 1 1 10 5 1 1
a 0 0 0 0 1 0 44 14 1 0 0 0 0 0 0
ah 0 0 1 0 0 0 12 28 16 0 2 0 1 0 0
aw 0 0 1 0 0 0 11 30 17 0 0 0 1 0 0
oh 0 0 0 0 0 0 0 0 1 51 8 0 0 0 0
ow 0 0 0 3 0 0 1 2 9 0 45 0 0 0 0
oy 0 0 1 2 2 0 2 0 1 0 2 49 1 0 0
uh 0 0 0 0 26 3 11 7 3 0 0 0 9 0 1
oo 1 5 0 0 2 0 0 0 0 0 0 0 0 47 5
OO 6 0 0 0 0 0 0 0 0 1 2 0 0 6 45
