      1            8          9       .349390            0           0         3
      2            5         13       .637394            0           0         5
      3            6          8       .693557            0           1         6
      4           14         15       .710640            0           0         7
      5            5          7       .739733            2           0         8
      6            6         11       .803645            3           0         8
      7           10         14       .823064            0           4        10
      8            5          6       .851229            5           6         9
      9            3          5       .884656            0           8        11
     10           10         12       .899099            7           0        13
     11            2          3       .909829            0           9        12
     12            2          4       .927135           11           0        14
     13            1         10       .939459            0          10        14
     14            1          2       .958362           13          12         0

