      1            8          9       .351063            0           0         2
      2            8         13       .668099            1           0         5
      3            5          7       .674249            0           0         6
      4           10         15       .788443            0           0        10
      5            8         11       .792675            2           0         7
      6            2          5       .849129            0           3         9
      7            8         14       .864497            5           0         8
      8            8         12       .909665            7           0        11
      9            2          4       .921809            6           0        14
     10            1         10       .929481            0           4        13
     11            3          8       .935475            0           8        12
     12            3          6       .951606           11           0        13
     13            1          3       .965603           10          12        14
     14            1          2       .977514           13           9         0

