ee 60 0 0 0 0 0 0 0 0 0 0 0 0 0 0
i 0 56 0 1 3 0 0 0 0 0 0 0 0 0 0
A 0 0 60 0 0 0 0 0 0 0 0 0 0 0 0
I 0 0 0 60 0 0 0 0 0 0 0 0 0 0 0
e 0 2 0 0 55 0 3 0 0 0 0 0 0 0 0
er 0 0 0 0 0 60 0 0 0 0 0 0 0 0 0
a 0 0 0 0 18 0 42 0 0 0 0 0 0 0 0
ah 0 0 0 0 0 0 0 40 18 1 0 0 1 0 0
aw 0 0 0 0 0 0 0 22 37 0 1 0 0 0 0
oh 0 0 0 0 0 0 0 0 0 56 4 0 0 0 0
ow 0 0 0 0 0 0 0 3 3 0 54 0 0 0 0
oy 0 0 0 0 0 0 0 0 0 0 0 60 0 0 0
uh 0 0 0 0 0 0 0 13 0 0 0 0 44 2 1
oo 0 0 0 0 0 0 0 0 0 0 0 0 3 49 8
OO 0 0 0 0 0 0 0 0 0 13 1 0 0 2 44
