ee 25 29 1 0 5 0 0 0 0 0 0 0 0 0 0
i 11 31 4 1 12 0 0 0 0 0 0 0 1 0 0
A 0 2 15 6 12 0 23 0 1 0 0 0 1 0 0
I 0 0 5 15 10 0 13 11 2 0 0 0 4 0 0
e 0 1 16 5 21 0 12 4 0 0 0 0 1 0 0
er 0 0 0 0 0 28 0 0 5 5 1 4 1 11 5
a 0 0 17 4 2 0 36 1 0 0 0 0 0 0 0
ah 0 0 0 1 0 4 0 35 15 0 1 1 3 0 0
aw 0 0 0 0 0 5 0 17 36 0 0 0 2 0 0
oh 0 0 0 0 0 2 0 0 1 42 5 2 0 1 7
ow 0 0 0 0 0 0 0 1 4 0 55 0 0 0 0
oy 0 0 0 0 0 2 0 0 5 6 0 34 0 9 4
uh 0 0 1 2 17 0 3 15 3 0 0 0 19 0 0
oo 0 0 0 0 0 2 0 0 1 1 0 0 1 35 20
OO 0 0 0 0 0 5 0 0 0 2 0 0 0 18 35
