      1            8          9       .133627            0           0         2
      2            7          8       .438995            0           1         5
      3            5         13       .491493            0           0         4
      4            5          6       .509614            3           0         6
      5            7         11       .650769            2           0         7
      6            5         12       .682255            4           0         8
      7            7         10       .769940            5           0         9
      8            5         14       .787273            6           0        10
      9            3          7       .835781            0           7        12
     10            5         15       .837690            8           0        11
     11            2          5       .869492            0          10        13
     12            3          4       .877308            9           0        14
     13            1          2       .893228            0          11        14
     14            1          3       .921302           13          12         0

