      1            8          9       .440478            0           0         4
      2           10         15       .449323            0           0         5
      3            5          7       .599009            0           0         6
      4            8         13       .620665            1           0         7
      5           10         14       .695042            2           0         8
      6            2          5       .798071            0           3        10
      7            8         11       .800020            4           0         9
      8           10         12       .843328            5           0        11
      9            1          8       .880012            0           7        12
     10            2          4       .896281            6           0        14
     11            3         10       .905997            0           8        13
     12            1          6       .920008            9           0        13
     13            1          3       .953658           12          11        14
     14            1          2       .969799           13          10         0

