     1            3          5       .307790            0           0         5
      2            1          2       .318767            0           0        10
      3           14         15       .331195            0           0         8
      4            8          9       .389326            0           0        12
      5            3          7       .393674            1           0         6
      6            3          4       .448628            5           0         7
      7            3         13       .542248            6           0        10
      8            6         14       .555299            0           3         9
      9            6         12       .635749            8           0        11
     10            1          3       .686076            2           7        13
     11            6         10       .698709            9           0        14
     12            8         11       .740432            4           0        13
     13            1          8       .804864           10          12        14
     14            1          6       .874796           13          11         0

