ee 60 0 0 0 0 0 0 0 0 0 0 0 0 0 0
i 0 58 0 2 0 0 0 0 0 0 0 0 0 0 0
A 0 0 59 0 0 0 1 0 0 0 0 0 0 0 0
I 0 0 0 60 0 0 0 0 0 0 0 0 0 0 0
e 0 1 0 0 53 0 5 1 0 0 0 0 0 0 0
er 0 0 0 0 2 35 3 4 3 2 1 2 4 4 0
a 0 0 1 0 4 1 49 5 0 0 0 0 0 0 0
ah 0 0 0 0 0 0 6 38 16 0 0 0 0 0 0
aw 0 0 1 0 0 0 0 27 31 1 0 0 0 0 0
oh 0 0 0 0 0 0 0 0 0 49 5 0 0 3 3
ow 0 0 0 0 0 0 0 0 7 1 52 0 0 0 0
oy 0 0 0 0 0 0 0 0 0 0 1 58 0 0 1
uh 0 0 0 0 19 1 7 10 1 0 0 0 22 0 0
oo 0 0 1 0 0 0 0 0 0 2 1 0 0 50 6
OO 0 0 0 0 0 0 0 0 0 0 1 0 0 11 48
