ee 60 0 0 0 0 0 0 0 0 0 0 0 0 0 0
i 0 59 0 0 1 0 0 0 0 0 0 0 0 0 0
A 1 0 59 0 0 0 0 0 0 0 0 0 0 0 0
I 0 0 0 60 0 0 0 0 0 0 0 0 0 0 0
e 0 11 0 1 45 0 3 0 0 0 0 0 0 0 0
er 0 0 0 0 0 60 0 0 0 0 0 0 0 0 0
a 0 0 0 0 26 0 34 0 0 0 0 0 0 0 0
ah 0 0 0 0 0 0 0 36 22 0 0 0 2 0 0
aw 0 0 0 0 0 0 0 11 43 1 1 0 3 0 1
oh 0 0 0 0 0 0 0 0 0 47 2 0 0 4 7
ow 0 0 0 0 0 0 0 0 1 0 58 1 0 0 0
oy 0 0 0 0 0 0 0 0 0 0 1 59 0 0 0
uh 0 0 0 0 0 0 0 19 3 0 0 0 38 0 0
oo 0 0 0 0 0 0 0 0 0 0 0 0 5 46 9
OO 0 0 0 0 0 0 0 0 0 21 5 0 0 6 28
