BACK 38 405 819
BADGE 36 403 816
BAIT 65 433 834
BALE 64 437 835
BARK 62 428 828
BASH 37 403 816
BASS 40 401 817
BAT 39 404 819
BATCH 36 403 816
BATH 40 401 817
BEACH 66 440 823
BEAD 67 441 826
BEAK 68 442 826
BEAM 69 443 824
BEAN 70 444 824
BEAT 71 441 826
BED 42 404 819
BENT 43 407 818
BEST 45 402 818
BET 44 404 819
BID 46 410 819
BIG 47 411 819
BILL 49 413 820
BIN 48 412 817
BIT 50 410 819
BITE 41 400 815
BLIGHT 74 449 840
BLOW 75 450 841
BLUE 76 450 841
BOAT 73 447 837
BOIL 51 414 838
BOO 77 446 836
BOOK 52 415 837
BOOT 78 447 837
BOP 61 426 824
BOUGHT 63 427 826
BOUND 53 417 825
BOW 72 446 836
BREW 76 450 841
BRIGHT 74 449 840
BUCK 55 422 826
BUFF 58 418 824
BUG 54 422 826
BUN 56 424 824
BUS 59 418 824
BUST 60 419 825
BUT 57 421 826
BUZZ 59 418 824
CACHE 135 514 846
CAKE 153 531 859
CAME 154 532 858
CANE 155 533 858
CAPE 156 530 858
CASE 158 530 858
CATCH 134 514 846
CAVE 157 530 858
CHASE 13 466 809
CHEAP 14 470 805
CHICK 3 455 802
CHIN 4 456 800
CHIP 5 454 800
CHOP 9 463 805
CHOW 6 459 804
CITE 320 400 815
CLUE 164 540 869
COAT 161 536 862
COIL 143 520 863
COLD 160 537 864
COOK 144 521 862
COP 152 527 852
COUCH 145 522 851
CREW 164 540 869
CROUCH 162 538 867
CROW 163 540 869
CUB 146 523 852
CUD 147 525 854
CUFF 150 523 852
CUP 148 523 852
CUSS 151 523 852
CUT 149 525 854
DAME 99 503 858
DARK 97 501 856
DASH 79 478 846
DAY 98 502 857
DEN 80 481 847
DENT 81 482 848
DID 84 486 849
DIG 85 487 849
DILL 89 490 850
DIM 86 488 847
DIN 87 489 847
DIP 88 484 847
DISH 83 485 846
DITCH 82 485 846
DREW 100 512 869
DUB 90 493 852
DUCK 93 496 854
DUD 91 495 854
DUE 101 510 861
DUG 92 496 854
DULL 95 498 855
DUN 94 497 852
DUST 96 494 853
EEL 133 543 844
FAME 296 435 833
FEAT 298 441 826
FED 285 404 819
FEEL 297 445 827
FIB 287 409 817
FIG 288 411 819
FIGHT 284 400 815
FILL 290 413 820
FIN 289 412 817
FIT 291 410 819
FIZZ 292 409 817
FLIGHT 300 449 840
FLOW 301 450 841
FOIL 293 414 838
FOLD 299 448 839
FRIGHT 300 449 840
FUN 295 424 824
GALE 108 534 860
GAME 107 532 858
GAY 106 529 857
GENT 1 453 801
GIN 4 456 800
GLOW 112 540 869
GLUE 113 540 869
GOAT 110 536 862
GOLD 109 537 864
GOT 105 528 854
GREW 113 540 869
GROUND 111 539 868
GUIDE 102 513 845
GUN 103 526 852
GUST 104 524 853
GYP 5 454 800
HARK 125 428 828
HEAL 128 445 827
HEALTH 115 408 821
HEAP 127 439 824
HEAR 128 445 827
HEAT 129 441 826
HEATH 131 439 824
HEAVE 130 439 824
HEN 114 406 817
HICK 117 411 819
HID 116 410 819
HILL 119 413 820
HIP 118 409 817
HIT 120 410 819
HOLD 132 448 839
HOOK 121 415 837
HOP 124 426 824
HOT 126 427 826
HOUND 122 417 825
HUN 123 424 824
JAIL 12 469 811
JAKE 11 467 810
JAW 8 462 804
JEEP 14 470 805
JEW 15 472 812
JIG 2 455 802
JOT 10 464 807
JUST 7 460 806
KEEL 159 535 855
KICK 138 517 849
KID 137 516 849
KILL 140 519 850
KIN 139 518 847
KISS 142 515 847
KIT 141 516 849
KITE 136 513 845
KITH 142 515 847
KNOW 192 565 836
LACE 253 582 883
LAKE 248 584 884
LAME 249 585 883
LANE 250 586 883
LARK 245 580 881
LASH 231 567 871
LATCH 230 567 871
LATE 251 583 884
LAW 243 577 876
LAY 247 581 882
LAZE 253 582 883
LED 232 568 874
LICK 237 572 874
LID 235 571 874
LIP 238 570 872
LOOK 239 573 886
LOP 244 578 877
LOT 246 579 879
LOW 255 588 885
LUST 242 575 878
MAD 168 547 819
MALE 180 554 835
MAN 169 548 817
MAP 170 545 817
MARK 178 552 828
MASS 172 545 817
MAT 171 547 819
MATCH 167 546 816
MATH 172 545 817
MAY 179 553 831
MEAT 181 555 826
MEN 174 548 817
MID 175 549 819
MITE 173 544 815
MOAT 183 557 837
MOO 184 556 836
MOP 177 551 824
MOW 182 556 836
MUST 176 550 825
NAME 190 563 833
NEAT 191 564 826
NEST 185 558 818
NICK 186 559 819
NOOK 187 560 837
NOT 189 562 826
NUN 188 561 824
OIL 16 474 870
OUCH 17 475 843
PACE 224 431 833
PACK 195 405 819
PAD 194 404 819
PAGE 220 432 832
PALE 222 437 835
PAN 196 406 817
PANE 221 436 833
PARK 217 428 828
PASS 198 401 817
PAT 197 404 819
PATCH 193 403 816
PATH 198 401 817
PAVE 223 431 833
PAW 215 425 822
PAY 219 430 831
PEACE 229 439 824
PEACH 225 440 823
PEAK 226 442 826
PEAL 227 445 827
PEAS 229 439 824
PEAT 228 441 826
PEN 199 406 817
PICK 201 411 819
PIG 200 411 819
PILL 204 413 820
PIN 202 412 817
PIP 203 409 817
PIT 205 410 819
POP 216 426 824
POT 218 427 826
POUCH 206 416 823
PUB 207 418 824
PUCK 209 422 826
PUFF 213 418 824
PUG 208 422 826
PUN 210 424 824
PUP 211 418 824
PUS 214 418 824
PUTT 212 421 826
QUID 166 542 866
QUITE 165 541 865
RACE 253 582 883
RAKE 248 584 884
RASH 231 567 871
RATE 251 583 884
RAVE 252 582 883
RAW 243 577 876
RAY 247 581 882
RAZE 253 582 883
RED 232 568 874
REEL 254 587 880
RENT 233 569 873
REST 234 566 873
RID 235 571 874
RIG 236 572 874
RIP 238 570 872
ROUND 240 574 878
ROW 255 588 885
RUE 256 588 885
RUN 241 576 877
RUST 242 575 878
SACK 316 405 819
SAD 314 404 819
SAFE 346 431 833
SAG 315 405 819
SAID 321 404 819
SAKE 342 434 834
SALE 345 437 835
SAME 343 435 833
SANE 344 436 833
SAP 317 401 817
SASH 313 403 816
SASS 319 401 817
SAT 318 404 819
SAVE 346 431 833
SAW 338 425 822
SAY 341 430 831
SCREW 354 438 830
SEAT 352 441 826
SEED 347 441 826
SEEK 348 442 826
SEEM 349 443 824
SEEN 350 444 824
SEEP 351 439 824
SEETHE 353 439 824
SENT 323 407 818
SHAKE 27 467 810
SHALE 29 469 811
SHAME 28 468 809
SHARK 25 465 808
SHAVE 30 466 809
SHED 18 452 802
SHEEP 31 470 805
SHEET 32 471 807
SHILL 21 457 803
SHIN 19 456 800
SHIP 20 454 800
SHOE 35 472 812
SHOOK 22 458 813
SHOP 24 463 805
SHOT 26 464 807
SHOW 33 472 812
SHREW 34 473 814
SHUN 23 461 805
SICK 325 411 819
SILL 328 413 820
SIN 326 412 817
SIP 327 409 817
SIT 329 410 819
SLOW 357 450 841
SOIL 330 414 838
SOLD 356 448 839
SOP 339 426 824
SOT 340 427 826
SOUND 331 417 825
SOW 355 446 836
STOW 359 429 829
SUB 333 418 824
SUCH 332 420 823
SUCK 334 422 826
SUM 335 423 824
SUN 336 424 824
SUP 337 418 824
TAB 257 476 847
TACK 258 479 849
TALE 274 504 860
TAM 259 480 847
TAME 273 503 858
TAN 260 481 847
TAP 261 476 847
TEACH 275 506 851
TEAK 276 507 854
TEAL 278 509 855
TEAM 277 508 852
TEAR 263 483 850
TEASE 279 505 852
TENT 262 482 848
TEST 264 477 848
THATCH 312 403 816
THAW 338 425 822
THEN 322 406 817
THEY 341 430 831
THICK 325 411 819
THIN 326 412 817
THROAT 358 451 842
THROW 357 450 841
TICK 265 487 849
TILL 268 490 850
TIN 266 489 847
TIP 267 484 847
TOIL 269 491 863
TOLD 281 511 864
TOO 283 510 861
TOOK 270 492 862
TOP 271 499 852
TOT 272 500 854
TOW 280 510 861
TRUE 282 512 869
VEST 286 402 818
VOUCH 294 416 823
WAY 310 596 882
WED 302 590 874
WENT 303 591 873
WEST 304 589 873
WICK 306 593 874
WIG 305 593 874
WILL 308 595 875
WIN 307 594 872
WIT 309 592 874
WOO 311 597 885
ZAP 317 401 817
ZEN 322 406 817
ZEST 324 402 818
ZIP 327 409 817
ZOO 360 446 836
