BACK 20 405 839
BADGE 17 403 837
BAIT 35 433 868
BALE 36 437 867
BARK 29 428 865
BASH 17 403 838
BASS 18 401 840
BAT 20 404 841
BATCH 17 403 837
BATH 18 401 842
BEACH 24 440 869
BEAD 27 441 870
BEAK 27 442 871
BEAM 25 443 872
BEAN 25 444 873
BEAT 27 441 874
BED 20 404 844
BENT 19 407 845
BEST 19 402 846
BET 20 404 847
BID 20 410 848
BIG 20 411 849
BILL 21 413 851
BIN 18 412 850
BIT 20 410 852
BITE 16 400 843
BLIGHT 41 449 877
BLOW 42 450 878
BLUE 42 450 879
BOAT 38 447 876
BOIL 39 414 853
BOO 37 446 880
BOOK 38 415 854
BOOT 38 447 881
BOP 25 426 864
BOUGHT 27 427 866
BOUND 26 417 855
BOW 37 446 875
BREW 42 450 879
BRIGHT 41 449 877
BUCK 27 422 857
BUFF 25 418 862
BUG 27 422 856
BUN 25 424 858
BUS 25 418 859
BUST 26 419 860
BUT 27 421 861
BUZZ 25 418 863
CACHE 47 514 938
CAKE 60 531 957
CAME 59 532 958
CANE 59 533 959
CAPE 59 530 960
CASE 59 530 961
CATCH 47 514 937
CAVE 59 530 962
CHASE 10 466 814
CHEAP 6 470 815
CHICK 3 455 804
CHIN 1 456 805
CHIP 1 454 806
CHOP 6 463 810
CHOW 5 459 807
CITE 16 400 1072
CLUE 70 540 968
COAT 63 536 965
COIL 64 520 947
COLD 65 537 964
COOK 63 521 948
COP 53 527 956
COUCH 52 522 949
CREW 70 540 968
CROUCH 68 538 966
CROW 70 540 967
CUB 53 523 950
CUD 55 525 951
CUFF 53 523 955
CUP 53 523 952
CUSS 53 523 953
CUT 55 525 954
DAME 59 503 902
DARK 57 501 900
DASH 47 478 882
DAY 58 502 901
DEN 48 481 883
DENT 49 482 884
DID 50 486 887
DIG 50 487 888
DILL 51 490 892
DIM 48 488 889
DIN 48 489 890
DIP 48 484 891
DISH 47 485 886
DITCH 47 485 885
DREW 70 512 903
DUB 53 493 893
DUCK 55 496 896
DUD 55 495 894
DUE 62 510 904
DUG 55 496 895
DULL 56 498 898
DUN 53 497 897
DUST 54 494 899
EEL 45 543 936
FAME 34 435 1148
FEAT 27 441 1150
FED 20 404 1137
FEEL 28 445 1149
FIB 18 409 1139
FIG 20 411 1140
FIGHT 16 400 1136
FILL 21 413 1142
FIN 18 412 1141
FIT 20 410 1143
FIZZ 18 409 1144
FLIGHT 41 449 1152
FLOW 42 450 1153
FOIL 39 414 1145
FOLD 40 448 1151
FRIGHT 41 449 1152
FUN 25 424 1147
GALE 61 534 911
GAME 59 532 910
GAY 58 529 909
GENT 2 453 802
GIN 1 456 805
GLOW 70 540 915
GLUE 70 540 916
GOAT 63 536 913
GOLD 65 537 912
GOT 55 528 908
GREW 70 540 916
GROUND 69 539 914
GUIDE 46 513 905
GUN 53 526 906
GUST 54 524 907
GYP 1 454 806
HARK 29 428 928
HEAL 28 445 931
HEALTH 22 408 918
HEAP 25 439 930
HEAR 28 445 931
HEAT 27 441 932
HEATH 25 439 934
HEAVE 25 439 933
HEN 18 406 917
HICK 20 411 920
HID 20 410 919
HILL 21 413 922
HIP 18 409 921
HIT 20 410 923
HOLD 40 448 935
HOOK 38 415 924
HOP 25 426 927
HOT 27 427 929
HOUND 26 417 925
HUN 25 424 926
JAIL 12 469 813
JAKE 11 467 812
JAW 5 462 809
JEEP 6 470 815
JEW 13 472 816
JIG 3 455 803
JOT 8 464 811
JUST 7 460 808
KEEL 56 535 963
KICK 50 517 941
KID 50 516 940
KILL 51 519 943
KIN 48 518 942
KISS 48 515 944
KIT 50 516 945
KITE 46 513 939
KITH 48 515 946
KNOW 37 565 997
LACE 84 582 1058
LAKE 85 584 1055
LAME 84 585 1056
LANE 84 586 1057
LARK 82 580 1052
LASH 72 567 1038
LATCH 72 567 1037
LATE 85 583 1059
LAW 77 577 1050
LAY 83 581 1054
LAZE 84 582 1061
LED 75 568 1039
LICK 75 572 1044
LID 75 571 1042
LIP 73 570 1045
LOOK 87 573 1046
LOP 78 578 1051
LOT 80 579 1053
LOW 86 588 1063
LUST 79 575 1049
MAD 20 547 972
MALE 36 554 985
MAN 18 548 973
MAP 18 545 974
MARK 29 552 983
MASS 18 545 975
MAT 20 547 976
MATCH 17 546 971
MATH 18 545 977
MAY 32 553 984
MEAT 27 555 986
MEN 18 548 979
MID 20 549 980
MITE 16 544 978
MOAT 38 557 988
MOO 37 556 989
MOP 25 551 982
MOW 37 556 987
MUST 26 550 981
NAME 34 563 995
NEAT 27 564 996
NEST 19 558 990
NICK 20 559 991
NOOK 38 560 992
NOT 27 562 994
NUN 25 561 993
OIL 71 474 817
OUCH 44 475 818
PACE 34 431 1029
PACK 20 405 1000
PAD 20 404 999
PAGE 33 432 1026
PALE 36 437 1028
PAN 18 406 1001
PANE 34 436 1027
PARK 29 428 1023
PASS 18 401 1002
PAT 20 404 1003
PATCH 17 403 998
PATH 18 401 1004
PAVE 34 431 1030
PAW 23 425 1021
PAY 32 430 1025
PEACE 25 439 1034
PEACH 24 440 1031
PEAK 27 442 1032
PEAL 28 445 1033
PEAS 25 439 1036
PEAT 27 441 1035
PEN 18 406 1005
PICK 20 411 1007
PIG 20 411 1006
PILL 21 413 1010
PIN 18 412 1008
PIP 18 409 1009
PIT 20 410 1011
POP 25 426 1022
POT 27 427 1024
POUCH 24 416 1012
PUB 25 418 1013
PUCK 27 422 1015
PUFF 25 418 1020
PUG 27 422 1014
PUN 25 424 1016
PUP 25 418 1017
PUS 25 418 1018
PUTT 27 421 1019
QUID 67 542 970
QUITE 66 541 969
RACE 84 582 1058
RAKE 85 584 1055
RASH 72 567 1038
RATE 85 583 1059
RAVE 84 582 1060
RAW 77 577 1050
RAY 83 581 1054
RAZE 84 582 1061
RED 75 568 1039
REEL 81 587 1062
RENT 74 569 1040
REST 74 566 1041
RID 75 571 1042
RIG 75 572 1043
RIP 73 570 1045
ROUND 79 574 1047
ROW 86 588 1063
RUE 86 588 1064
RUN 78 576 1048
RUST 79 575 1049
SACK 20 405 1068
SAD 20 404 1066
SAFE 34 431 1096
SAG 20 405 1067
SAID 20 404 1073
SAKE 35 434 1092
SALE 36 437 1095
SAME 34 435 1093
SANE 34 436 1094
SAP 18 401 1069
SASH 17 403 1065
SASS 18 401 1070
SAT 20 404 1071
SAVE 34 431 1096
SAW 23 425 1088
SAY 32 430 1091
SCREW 31 438 1104
SEAT 27 441 1103
SEED 27 441 1098
SEEK 27 442 1099
SEEM 25 443 1100
SEEN 25 444 1101
SEEP 25 439 1102
SEETHE 25 439 1097
SENT 19 407 1074
SHAKE 11 467 828
SHALE 12 469 830
SHAME 10 468 829
SHARK 9 465 826
SHAVE 10 466 831
SHED 3 452 819
SHEEP 6 470 832
SHEET 8 471 833
SHILL 4 457 822
SHIN 1 456 820
SHIP 1 454 821
SHOE 13 472 836
SHOOK 14 458 823
SHOP 6 463 825
SHOT 8 464 827
SHOW 13 472 834
SHREW 15 473 835
SHUN 6 461 824
SICK 20 411 1075
SILL 21 413 1078
SIN 18 412 1076
SIP 18 409 1077
SIT 20 410 1079
SLOW 42 450 1107
SOIL 39 414 1080
SOLD 40 448 1106
SOP 25 426 1089
SOT 27 427 1090
SOUND 26 417 1081
SOW 37 446 1105
STOW 30 429 1108
SUB 25 418 1083
SUCH 24 420 1082
SUCK 27 422 1084
SUM 25 423 1085
SUN 25 424 1086
SUP 25 418 1087
TAB 48 476 1109
TACK 50 479 1110
TALE 61 504 1126
TAM 48 480 1111
TAME 59 503 1125
TAN 48 481 1112
TAP 48 476 1113
TEACH 52 506 1127
TEAK 55 507 1128
TEAL 56 509 1130
TEAM 53 508 1129
TEAR 51 483 1115
TEASE 53 505 1131
TENT 49 482 1114
TEST 49 477 1116
THATCH 17 403 1164
THAW 23 425 1171
THEN 18 406 800
THEY 32 430 801
THICK 20 411 1168
THIN 18 412 1169
THROAT 43 451 1173
THROW 42 450 1172
TICK 50 487 1117
TILL 51 490 1120
TIN 48 489 1118
TIP 48 484 1119
TOIL 64 491 1121
TOLD 65 511 1133
TOO 62 510 1135
TOOK 63 492 1122
TOP 53 499 1123
TOT 55 500 1124
TOW 62 510 1132
TRUE 70 512 1134
VEST 19 402 1138
VOUCH 24 416 1146
WAY 83 596 1162
WED 75 590 1154
WENT 74 591 1155
WEST 74 589 1156
WICK 75 593 1158
WIG 75 593 1157
WILL 76 595 1160
WIN 73 594 1159
WIT 75 592 1161
WOO 86 597 1163
ZAP 18 401 1165
ZEN 18 406 1166
ZEST 19 402 1167
ZIP 18 409 1170
ZOO 37 446 1174
