CHIN 1 456 805
GIN 1 456 805
CHIP 1 454 806
GYP 1 454 806
CHEAP 6 470 815
JEEP 6 470 815
BADGE 17 403 837
BATCH 17 403 837
BLIGHT 41 449 877
BRIGHT 41 449 877
BLUE 42 450 879
BREW 42 450 879
GLUE 70 540 916
GREW 70 540 916
HEAL 28 445 931
HEAR 28 445 931
CLUE 70 540 968
CREW 70 540 968
LASH 72 567 1038
RASH 72 567 1038
LED 75 568 1039
RED 75 568 1039
LID 75 571 1042
RID 75 571 1042
LUST 79 575 1049
RUST 79 575 1049
LAW 77 577 1050
RAW 77 577 1050
LAY 83 581 1054
RAY 83 581 1054
LAKE 85 584 1055
RAKE 85 584 1055
LACE 84 582 1058
RACE 84 582 1058
LATE 85 583 1059
RATE 85 583 1059
LAZE 84 582 1061
RAZE 84 582 1061
LOW 86 588 1063
ROW 86 588 1063
SAFE 34 431 1096
SAVE 34 431 1096
FLIGHT 41 449 1152
FRIGHT 41 449 1152
