0 1 1 1 1 1 1 1 1 1 1 1 1 1 1 
1 0.033333 1 0.983333 0.991667 1 1 1 1 1 1 1 1 1 1 
1 1 0.016667 1 1 1 0.983333 1 0.991667 1 1 1 1 0.991667 1 
1 0.983333 1 0 1 1 1 1 1 1 1 1 1 1 1 
1 0.991667 1 1 0.116667 0.983333 0.925 0.991667 1 1 1 1 0.841667 1 1 
1 1 1 1 0.983333 0.416667 0.966667 0.966667 0.975 0.983333 0.991667 0.983333 0.958333 0.966667 1 
1 1 0.983333 1 0.925 0.966667 0.183333 0.908333 1 1 1 1 0.941667 1 1 
1 1 1 1 0.991667 0.966667 0.908333 0.366667 0.641667 1 1 1 0.916667 1 1 
1 1 0.991667 1 1 0.975 1 0.641667 0.483333 0.991667 0.941667 1 0.991667 1 1 
1 1 1 1 1 0.983333 1 1 0.991667 0.183333 0.95 1 1 0.958333 0.975 
1 1 1 1 1 0.991667 1 1 0.941667 0.95 0.133333 0.991667 1 0.991667 0.991667 
1 1 1 1 1 0.983333 1 1 1 1 0.991667 0.033333 1 1 0.991667 
1 1 1 1 0.841667 0.958333 0.941667 0.916667 0.991667 1 1 1 0.633333 1 1 
1 1 0.991667 1 1 0.966667 1 1 1 0.958333 0.991667 1 1 0.166667 0.858333 
1 1 1 1 1 1 1 1 1 0.975 0.991667 0.991667 1 0.858333 0.2 
