0 1 1 1 1 1 1 1 1 1 1 1 1 1 1 
1 0.066667 1 0.991667 0.958333 1 1 1 1 1 1 1 1 1 1 
1 1 0 1 1 1 1 1 1 1 1 1 1 1 1 
1 0.991667 1 0 1 1 1 1 1 1 1 1 1 1 1 
1 0.958333 1 1 0.083333 1 0.825 1 1 1 1 1 1 1 1 
1 1 1 1 1 0 1 1 1 1 1 1 1 1 1 
1 1 1 1 0.825 1 0.3 1 1 1 1 1 1 1 1 
1 1 1 1 1 1 1 0.333333 0.666667 0.991667 0.975 1 0.883333 1 1 
1 1 1 1 1 1 1 0.666667 0.383333 1 0.966667 1 1 1 1 
1 1 1 1 1 1 1 0.991667 1 0.066667 0.966667 1 1 1 0.891667 
1 1 1 1 1 1 1 0.975 0.966667 0.966667 0.1 1 1 1 0.991667 
1 1 1 1 1 1 1 1 1 1 1 0 1 1 1 
1 1 1 1 1 1 1 0.883333 1 1 1 1 0.266667 0.958333 0.991667 
1 1 1 1 1 1 1 1 1 1 1 1 0.958333 0.183333 0.916667 
1 1 1 1 1 1 1 1 1 0.891667 0.991667 1 0.991667 0.916667 0.266667 
